mel_mean: -47.10818862915039
mel_std: 15.916112899780273
